              precision    recall  f1-score   support

           0       0.00      0.00      0.00        41
           1       0.66      0.45      0.53       125
           2       0.00      0.00      0.00        44
           3       0.00      0.00      0.00       135
           4       0.00      0.00      0.00         7
           5       0.00      0.00      0.00         8
           6       0.00      0.00      0.00         7
           7       0.00      0.00      0.00        15
           8       0.68      0.47      0.55       288
           9       0.73      0.58      0.65       370
          10       0.65      0.48      0.55       193
          11       0.73      0.56      0.63       293
          12       0.00      0.00      0.00        45
          13       0.00      0.00      0.00        53
          14       0.33      0.02      0.04        44
          15       0.33      0.03      0.05        67

   micro avg       0.69      0.38      0.49      1735
   macro avg       0.26      0.16      0.19      1735
weighted avg       0.53      0.38      0.44      1735
 samples avg       0.38      0.38      0.38      1735
